2 0.174609 0.760417 0.052344 0.095833
2 0.301562 0.681944 0.031250 0.063889
2 0.402734 0.650000 0.021094 0.047222
2 0.391797 0.619444 0.016406 0.038889
2 0.466016 0.630556 0.017969 0.041667
2 0.502344 0.615972 0.014062 0.029167
2 0.532422 0.609722 0.011719 0.030556
2 0.570703 0.604861 0.010156 0.029167
2 0.820703 0.752083 0.032031 0.065278
2 0.783594 0.686806 0.018750 0.045833
2 0.800000 0.652778 0.010937 0.033333
2 0.842578 0.644444 0.008594 0.027778
2 0.828516 0.628472 0.008594 0.023611
2 0.796094 0.618056 0.006250 0.019444
2 0.749219 0.602778 0.006250 0.019444
2 0.639844 0.600000 0.007813 0.025000
2 0.618750 0.604861 0.007813 0.026389
2 0.593359 0.582639 0.007031 0.020833
2 0.422266 0.601389 0.013281 0.036111
2 0.427344 0.594444 0.010937 0.033333
2 0.415625 0.580556 0.009375 0.030556
2 0.405469 0.570139 0.007813 0.029167
2 0.335156 0.550000 0.006250 0.019444
2 0.205859 0.560417 0.011719 0.031944
2 0.236328 0.527083 0.007031 0.018056
2 0.184766 0.515972 0.005469 0.018056
2 0.179297 0.531250 0.008594 0.023611
2 0.130469 0.518750 0.007813 0.020833
2 0.080859 0.505556 0.007031 0.019444
2 0.556641 0.572222 0.005469 0.016667
2 0.526172 0.563889 0.005469 0.013889
