1 0.333984 0.213194 0.022656 0.065278
1 0.066406 0.138194 0.020312 0.059722
1 0.619922 0.315972 0.024219 0.068056
1 0.933594 0.415972 0.025000 0.068056
1 0.695703 0.816667 0.027344 0.083333
1 0.567187 0.744444 0.028125 0.077778
1 0.569922 0.884028 0.028906 0.084722
1 0.529297 0.922222 0.030469 0.086111
0 0.400000 0.109028 0.020312 0.056944
0 0.675391 0.191667 0.021094 0.061111
0 0.976172 0.281944 0.019531 0.063889
0 0.122266 0.799306 0.028906 0.079167
0 0.201562 0.050694 0.018750 0.054167
0 0.066016 0.747917 0.028906 0.076389
0 0.018750 0.867361 0.029687 0.079167
0 0.013281 0.942361 0.021875 0.070833
