2 0.196094 0.666667 0.031250 0.066667
2 0.345703 0.618056 0.014844 0.041667
2 0.728906 0.752778 0.034375 0.072222
2 0.646094 0.670139 0.015625 0.043056
2 0.671094 0.622222 0.007813 0.016667
2 0.712891 0.625000 0.005469 0.016667
2 0.643750 0.626389 0.007813 0.022222
2 0.637891 0.635417 0.010156 0.029167
2 0.621875 0.609028 0.004688 0.015278
2 0.574609 0.603472 0.007031 0.020833
2 0.532422 0.600000 0.007031 0.019444
2 0.482422 0.599306 0.007031 0.020833
2 0.431641 0.602778 0.008594 0.025000
