2 0.415234 0.826389 0.027344 0.075000
2 0.426562 0.767361 0.017188 0.054167
2 0.380469 0.728472 0.014062 0.037500
2 0.326562 0.702083 0.012500 0.034722
2 0.266797 0.679861 0.011719 0.031944
2 0.188672 0.655556 0.008594 0.025000
2 0.894922 0.865278 0.025781 0.069444
2 0.765234 0.793056 0.017969 0.047222
2 0.635156 0.742361 0.012500 0.034722
2 0.540234 0.718056 0.011719 0.033333
2 0.462891 0.695139 0.008594 0.029167
2 0.410156 0.681250 0.007813 0.026389
2 0.307813 0.659028 0.007813 0.020833
2 0.202344 0.634722 0.007813 0.019444
