2 0.941797 0.763889 0.039844 0.075000
2 0.773828 0.689583 0.024219 0.056944
2 0.628906 0.631250 0.017188 0.037500
2 0.553125 0.602778 0.010937 0.033333
2 0.519531 0.553472 0.006250 0.015278
2 0.513672 0.559722 0.007031 0.019444
2 0.488672 0.579167 0.011719 0.030556
2 0.476172 0.561806 0.008594 0.023611
2 0.465625 0.567361 0.009375 0.029167
2 0.312109 0.545139 0.007031 0.020833
2 0.264062 0.547917 0.009375 0.026389
2 0.261719 0.569444 0.012500 0.036111
2 0.277344 0.589583 0.014062 0.040278
2 0.273047 0.697222 0.035156 0.072222
2 0.282031 0.622222 0.023438 0.050000
2 0.232031 0.786806 0.054688 0.104167
2 0.072656 0.922917 0.089062 0.145833
