2 0.241797 0.734028 0.038281 0.087500
2 0.903125 0.879861 0.051562 0.109722
2 0.715234 0.713194 0.024219 0.062500
2 0.578125 0.650694 0.017188 0.040278
2 0.446094 0.599306 0.010937 0.029167
2 0.456641 0.590972 0.010156 0.026389
2 0.250781 0.622222 0.017188 0.047222
2 0.219531 0.584722 0.014062 0.036111
2 0.183594 0.570833 0.014062 0.055556
1 0.377734 0.572222 0.008594 0.025000
1 0.308984 0.545139 0.008594 0.020833
1 0.284375 0.531250 0.006250 0.020833
1 0.272266 0.520139 0.005469 0.018056
1 0.253906 0.511806 0.006250 0.015278
1 0.200000 0.561111 0.012500 0.033333
1 0.171484 0.528472 0.008594 0.023611
1 0.164063 0.509722 0.006250 0.019444
1 0.171094 0.504167 0.004688 0.016667
1 0.227344 0.502778 0.004688 0.013889
1 0.150781 0.490278 0.006250 0.019444
1 0.127734 0.487500 0.005469 0.016667
1 0.099219 0.479167 0.006250 0.016667
