0 0.116797 0.518056 0.016406 0.044444
0 0.299609 0.577083 0.017969 0.045833
0 0.470313 0.634722 0.017188 0.050000
0 0.722656 0.710417 0.018750 0.051389
0 0.992188 0.774306 0.014062 0.056944
0 0.910937 0.244444 0.010937 0.036111
0 0.692969 0.236806 0.012500 0.034722
0 0.545313 0.215278 0.010937 0.033333
0 0.403906 0.178472 0.009375 0.034722
0 0.261328 0.143750 0.010156 0.031944
0 0.146484 0.113194 0.011719 0.029167
0 0.008203 0.074306 0.010156 0.031944
1 0.103516 0.431250 0.014844 0.040278
1 0.320313 0.497222 0.015625 0.041667
1 0.732031 0.616667 0.017188 0.047222
1 0.929688 0.675000 0.018750 0.050000
1 0.958594 0.284028 0.012500 0.037500
1 0.824219 0.277083 0.012500 0.034722
1 0.693750 0.275000 0.010937 0.036111
1 0.556250 0.272917 0.012500 0.034722
1 0.376563 0.242361 0.012500 0.034722
1 0.231250 0.203472 0.012500 0.034722
1 0.099609 0.161111 0.011719 0.030556
