2 0.179297 0.655556 0.036719 0.080556
2 0.333594 0.634028 0.026563 0.056944
2 0.548828 0.605556 0.014844 0.038889
2 0.515234 0.611111 0.016406 0.036111
2 0.489062 0.588194 0.012500 0.034722
2 0.435937 0.577778 0.012500 0.030556
2 0.447266 0.619444 0.016406 0.047222
2 0.379297 0.567361 0.013281 0.034722
2 0.537109 0.565278 0.008594 0.025000
2 0.773438 0.790278 0.042188 0.091667
2 0.782031 0.712500 0.026563 0.061111
2 0.812109 0.681944 0.017969 0.047222
2 0.814062 0.658333 0.017188 0.041667
2 0.791406 0.635417 0.012500 0.031944
2 0.750000 0.620139 0.012500 0.031944
2 0.697266 0.602778 0.010156 0.027778
2 0.443750 0.550694 0.009375 0.023611
2 0.307031 0.531944 0.007813 0.025000
2 0.168750 0.534028 0.009375 0.031944
2 0.151953 0.509722 0.008594 0.019444
2 0.051172 0.493056 0.008594 0.025000
