2 0.345703 0.712500 0.038281 0.077778
2 0.225781 0.925000 0.085938 0.147222
2 0.786719 0.675694 0.023438 0.054167
2 0.542969 0.612500 0.015625 0.036111
2 0.387500 0.579861 0.010937 0.029167
2 0.305859 0.560417 0.010156 0.026389
2 0.255469 0.622222 0.023438 0.052778
2 0.149609 0.580556 0.016406 0.038889
2 0.101953 0.552778 0.011719 0.030556
2 0.083594 0.531250 0.007813 0.026389
2 0.119531 0.521528 0.007813 0.023611
2 0.362891 0.536111 0.007031 0.016667
2 0.298438 0.525000 0.006250 0.013889
2 0.283203 0.531944 0.008594 0.022222
2 0.260938 0.547917 0.007813 0.023611
2 0.252734 0.538889 0.008594 0.025000
2 0.198437 0.520833 0.006250 0.016667
