1 0.772656 0.756944 0.062500 0.138889
0 0.762500 0.456250 0.014062 0.037500
0 0.617969 0.490278 0.025000 0.063889
0 0.886328 0.553472 0.021094 0.059722
0 0.962500 0.475694 0.007813 0.026389
0 0.882031 0.421528 0.006250 0.020833
0 0.832031 0.428472 0.009375 0.026389
0 0.822266 0.409028 0.007031 0.020833
0 0.686719 0.406250 0.009375 0.031944
0 0.696875 0.384028 0.007813 0.026389
0 0.686328 0.365972 0.005469 0.018056
2 0.667578 0.365972 0.005469 0.018056
2 0.737109 0.515972 0.021094 0.065278
2 0.455859 0.459028 0.030469 0.062500
0 0.628125 0.363194 0.006250 0.020833
0 0.623438 0.361806 0.006250 0.020833
0 0.304297 0.428472 0.024219 0.059722
0 0.375781 0.374306 0.014062 0.037500
0 0.415234 0.341667 0.007031 0.025000
0 0.436719 0.325694 0.006250 0.020833
0 0.462500 0.313889 0.004688 0.013889
0 0.587109 0.334722 0.003906 0.013889
0 0.989062 0.470833 0.006250 0.019444
