2 0.063281 0.702083 0.039063 0.104167
2 0.315234 0.648611 0.022656 0.063889
2 0.466406 0.637500 0.018750 0.044444
2 0.563281 0.637500 0.017188 0.044444
2 0.729297 0.952083 0.032031 0.095833
2 0.694141 0.793750 0.028906 0.090278
2 0.726563 0.737500 0.023438 0.061111
2 0.773828 0.721528 0.019531 0.059722
2 0.833203 0.715278 0.019531 0.050000
2 0.938672 0.685417 0.010156 0.031944
2 0.936328 0.676389 0.010156 0.030556
2 0.913281 0.665972 0.009375 0.026389
2 0.876562 0.654861 0.007813 0.023611
2 0.881641 0.707639 0.013281 0.043056
2 0.805469 0.636806 0.006250 0.020833
2 0.751172 0.642361 0.007031 0.026389
2 0.742578 0.645139 0.008594 0.029167
2 0.727734 0.634028 0.007031 0.026389
2 0.712109 0.647222 0.008594 0.033333
2 0.692578 0.624306 0.007031 0.023611
2 0.630469 0.609028 0.006250 0.020833
2 0.583203 0.595833 0.005469 0.019444
2 0.642187 0.643750 0.010937 0.034722
