1 0.446094 0.413889 0.021875 0.072222
1 0.536719 0.345139 0.023438 0.068056
1 0.426562 0.290278 0.021875 0.063889
1 0.208203 0.238194 0.022656 0.068056
1 0.969141 0.614583 0.025781 0.076389
0 0.601172 0.679167 0.027344 0.075000
0 0.243359 0.581944 0.027344 0.075000
0 0.179688 0.396528 0.021875 0.073611
0 0.091797 0.375694 0.022656 0.070833
0 0.040234 0.335417 0.024219 0.068056
0 0.019141 0.443056 0.022656 0.069444
0 0.019922 0.509028 0.024219 0.068056
1 0.884375 0.025694 0.020312 0.051389
