0 0.560547 0.805556 0.036719 0.111111
0 0.777734 0.863194 0.047656 0.134722
0 0.931250 0.718750 0.020312 0.062500
1 0.839453 0.711111 0.021094 0.058333
1 0.823828 0.686111 0.014844 0.052778
1 0.797656 0.661111 0.015625 0.044444
1 0.744922 0.640972 0.014844 0.040278
1 0.739453 0.748611 0.027344 0.080556
1 0.639063 0.772222 0.034375 0.091667
1 0.616406 0.627083 0.012500 0.040278
1 0.533984 0.604167 0.010156 0.030556
1 0.524609 0.604167 0.010156 0.030556
1 0.501953 0.611806 0.011719 0.034722
1 0.492969 0.606250 0.009375 0.037500
1 0.503906 0.643056 0.012500 0.047222
1 0.489453 0.663889 0.016406 0.052778
1 0.473437 0.629167 0.012500 0.044444
1 0.454297 0.600694 0.008594 0.031944
1 0.434375 0.686111 0.018750 0.058333
1 0.542188 0.785417 0.032812 0.104167
1 0.042188 0.750694 0.031250 0.087500
1 0.013281 0.571528 0.009375 0.031944
1 0.118359 0.577778 0.008594 0.027778
1 0.165625 0.577778 0.009375 0.030556
0 0.169922 0.946528 0.042969 0.106944
0 0.430469 0.596528 0.007813 0.029167
0 0.461328 0.599306 0.007031 0.029167
0 0.325781 0.590278 0.007813 0.030556
0 0.061719 0.575694 0.007813 0.029167
0 0.125781 0.575000 0.007813 0.025000
0 0.217187 0.584722 0.009375 0.030556
2 0.682422 0.774306 0.032031 0.090278
2 0.718359 0.769444 0.030469 0.097222
2 0.775000 0.778472 0.029687 0.090278
2 0.805078 0.772917 0.027344 0.087500
2 0.862891 0.781944 0.032031 0.091667
2 0.968750 0.779861 0.032812 0.093056
