0 0.406250 0.538889 0.017188 0.050000
0 0.416016 0.531944 0.014844 0.047222
0 0.375000 0.530556 0.015625 0.041667
0 0.655469 0.584722 0.018750 0.058333
0 0.673437 0.599306 0.020312 0.059722
0 0.669141 0.621528 0.022656 0.065278
0 0.800000 0.546528 0.017188 0.051389
0 0.941406 0.563194 0.018750 0.054167
0 0.537109 0.553472 0.019531 0.051389
0 0.520312 0.534028 0.014062 0.048611
0 0.337109 0.465278 0.019531 0.050000
0 0.313281 0.493750 0.017188 0.048611
1 0.410547 0.750000 0.032031 0.088889
1 0.648828 0.725000 0.030469 0.080556
1 0.501172 0.642361 0.025781 0.065278
1 0.903125 0.686806 0.026563 0.073611
2 0.635938 0.524306 0.014062 0.043056
2 0.621094 0.524306 0.014062 0.043056
2 0.504297 0.521528 0.014844 0.043056
2 0.444141 0.520139 0.013281 0.040278
2 0.426172 0.517361 0.011719 0.037500
2 0.389844 0.520139 0.014062 0.040278
2 0.409766 0.522917 0.013281 0.045833
