2 0.608203 0.572917 0.008594 0.034722
2 0.585938 0.572917 0.007813 0.034722
2 0.517187 0.567361 0.007813 0.034722
2 0.493750 0.570833 0.009375 0.036111
1 0.923437 0.773611 0.023438 0.066667
1 0.924219 0.659722 0.012500 0.038889
1 0.824219 0.629861 0.009375 0.031944
1 0.857422 0.615278 0.008594 0.030556
1 0.915625 0.609028 0.007813 0.026389
1 0.647266 0.739583 0.021094 0.059722
1 0.449609 0.706944 0.019531 0.055556
1 0.428125 0.587500 0.007813 0.025000
1 0.364844 0.590278 0.007813 0.025000
1 0.298047 0.594444 0.007031 0.025000
1 0.219531 0.599306 0.009375 0.023611
1 0.330469 0.681250 0.017188 0.045833
1 0.232031 0.658333 0.014062 0.041667
1 0.154687 0.641667 0.012500 0.038889
1 0.157031 0.604861 0.010937 0.031944
1 0.128906 0.611806 0.010937 0.031944
1 0.101563 0.624306 0.012500 0.034722
0 0.175781 0.751389 0.020312 0.063889
0 0.482031 0.795833 0.025000 0.075000
0 0.327734 0.585417 0.007031 0.023611
0 0.396094 0.582639 0.007813 0.026389
0 0.451172 0.576389 0.005469 0.022222
0 0.505078 0.572917 0.007031 0.018056
0 0.057422 0.593056 0.010156 0.027778
0 0.252344 0.586111 0.007813 0.025000
0 0.976172 0.863889 0.030469 0.091667
1 0.726953 0.569444 0.007031 0.019444
1 0.775781 0.562500 0.006250 0.019444
1 0.829297 0.556944 0.007031 0.022222
1 0.889844 0.550694 0.006250 0.018056
1 0.947656 0.550000 0.006250 0.019444
0 0.935156 0.539583 0.006250 0.018056
0 0.875391 0.544444 0.005469 0.019444
0 0.812500 0.547917 0.006250 0.018056
0 0.742969 0.552083 0.006250 0.020833
0 0.699219 0.556250 0.006250 0.018056
0 0.638281 0.561806 0.006250 0.015278
