1 0.055859 0.612500 0.025781 0.072222
1 0.124219 0.657639 0.026563 0.076389
1 0.466016 0.681944 0.027344 0.075000
1 0.883594 0.706250 0.025000 0.073611
1 0.989062 0.600694 0.020312 0.065278
1 0.922656 0.543056 0.020312 0.055556
1 0.901172 0.520139 0.019531 0.056944
1 0.473437 0.436806 0.018750 0.048611
1 0.441797 0.409722 0.016406 0.050000
1 0.324219 0.466667 0.018750 0.052778
1 0.379687 0.506250 0.017188 0.068056
1 0.146875 0.427778 0.018750 0.050000
1 0.128906 0.382639 0.017188 0.051389
1 0.106250 0.406944 0.018750 0.052778
1 0.044922 0.256250 0.013281 0.037500
1 0.035937 0.225000 0.012500 0.033333
1 0.889453 0.329861 0.013281 0.040278
1 0.957812 0.341667 0.012500 0.038889
1 0.975781 0.295833 0.009375 0.030556
1 0.939844 0.266667 0.009375 0.033333
1 0.939062 0.304167 0.010937 0.036111
1 0.919141 0.297222 0.010156 0.033333
1 0.899609 0.277083 0.010156 0.031944
1 0.888281 0.284028 0.010937 0.031944
1 0.830078 0.283333 0.011719 0.033333
1 0.826563 0.252778 0.010937 0.030556
1 0.800781 0.264583 0.009375 0.031944
1 0.817187 0.321528 0.010937 0.040278
1 0.762500 0.295833 0.010937 0.038889
1 0.759766 0.283333 0.010156 0.033333
1 0.712891 0.282639 0.011719 0.034722
1 0.693359 0.251389 0.010156 0.030556
1 0.674219 0.233333 0.009375 0.033333
1 0.539844 0.232639 0.009375 0.031944
1 0.527344 0.216667 0.009375 0.030556
1 0.400391 0.214583 0.010156 0.031944
1 0.365234 0.197222 0.010156 0.030556
1 0.240625 0.197222 0.010937 0.033333
1 0.162109 0.225000 0.008594 0.033333
1 0.199609 0.275694 0.013281 0.040278
1 0.313672 0.247917 0.011719 0.034722
1 0.350000 0.275694 0.012500 0.037500
1 0.363281 0.262500 0.010937 0.036111
1 0.142188 0.258333 0.012500 0.036111
1 0.134766 0.248611 0.011719 0.038889
1 0.114453 0.237500 0.011719 0.036111
1 0.016016 0.164583 0.008594 0.031944
