1 0.068750 0.105556 0.018750 0.050000
1 0.285937 0.067361 0.017188 0.054167
1 0.466406 0.059722 0.017188 0.052778
1 0.570313 0.066667 0.017188 0.050000
1 0.766797 0.110417 0.019531 0.056944
1 0.984375 0.588889 0.023438 0.066667
1 0.395703 0.440972 0.021094 0.062500
1 0.184766 0.387500 0.019531 0.063889
0 0.300000 0.563194 0.021875 0.068056
0 0.037891 0.490278 0.024219 0.061111
0 0.218750 0.022222 0.015625 0.044444
0 0.623828 0.643056 0.021094 0.069444
0 0.778906 0.684028 0.023438 0.070833
0 0.830469 0.729167 0.025000 0.075000
0 0.739453 0.796528 0.022656 0.073611
0 0.731250 0.862500 0.025000 0.075000
0 0.973047 0.947222 0.027344 0.080556
