0 0.211719 0.515278 0.042188 0.088889
0 0.253125 0.462500 0.029687 0.066667
0 0.287891 0.420833 0.027344 0.058333
0 0.313672 0.390972 0.021094 0.051389
0 0.330469 0.366667 0.017188 0.041667
2 0.169922 0.575000 0.058594 0.169444
2 0.146094 0.600000 0.067188 0.177778
2 0.835547 0.573611 0.055469 0.177778
2 0.851563 0.590278 0.062500 0.180556
0 0.344922 0.347917 0.013281 0.037500
0 0.357422 0.328472 0.013281 0.034722
0 0.367188 0.315278 0.012500 0.030556
0 0.375391 0.304167 0.010156 0.027778
0 0.382031 0.293056 0.009375 0.027778
1 0.743359 0.506944 0.036719 0.080556
1 0.710156 0.454167 0.028125 0.075000
1 0.675781 0.413194 0.026563 0.056944
1 0.648047 0.383333 0.021094 0.050000
1 0.629687 0.360417 0.017188 0.045833
1 0.610156 0.339583 0.015625 0.040278
1 0.592578 0.325000 0.013281 0.033333
1 0.584766 0.312500 0.008594 0.030556
1 0.577344 0.304167 0.009375 0.033333
1 0.571484 0.291667 0.008594 0.027778
1 0.564453 0.283333 0.008594 0.027778
0 0.387500 0.284722 0.009375 0.027778
1 0.559375 0.277778 0.007813 0.025000
1 0.553516 0.271528 0.007031 0.023611
1 0.547266 0.265972 0.007031 0.023611
1 0.541797 0.260417 0.007031 0.020833
0 0.392578 0.277083 0.007031 0.018056
0 0.396094 0.271528 0.007813 0.020833
0 0.400000 0.266667 0.007813 0.019444
0 0.404687 0.260417 0.006250 0.018056
