1 0.193750 0.843056 0.090625 0.205556
1 0.071484 0.721528 0.077344 0.162500
1 0.055469 0.684722 0.060938 0.150000
1 0.084766 0.604167 0.049219 0.127778
1 0.258984 0.604861 0.055469 0.126389
1 0.736328 0.526389 0.036719 0.086111
1 0.821875 0.499306 0.032812 0.081944
1 0.783203 0.637500 0.042969 0.116667
1 0.853516 0.714583 0.060156 0.131944
1 0.933984 0.750000 0.067969 0.141667
1 0.417188 0.528472 0.050000 0.118056
1 0.076953 0.436111 0.038281 0.088889
1 0.328516 0.495139 0.042969 0.090278
1 0.364453 0.459028 0.038281 0.081944
