1 0.119141 0.684722 0.036719 0.088889
1 0.325000 0.629167 0.034375 0.080556
1 0.563281 0.743750 0.050000 0.109722
1 0.866016 0.660417 0.039844 0.093056
1 0.791797 0.490972 0.028906 0.062500
1 0.817578 0.469444 0.024219 0.058333
1 0.817969 0.417361 0.020312 0.045833
1 0.806641 0.381944 0.014844 0.044444
1 0.564062 0.556250 0.032812 0.073611
1 0.483984 0.423611 0.021094 0.047222
1 0.500781 0.384028 0.014062 0.040278
1 0.456250 0.389583 0.015625 0.043056
1 0.445703 0.381250 0.013281 0.037500
1 0.391406 0.413194 0.017188 0.045833
1 0.346094 0.400694 0.020312 0.043056
1 0.267578 0.373611 0.010156 0.033333
1 0.116406 0.380556 0.010937 0.038889
1 0.050000 0.374306 0.012500 0.031944
0 0.060156 0.374306 0.010937 0.029167
0 0.191406 0.373611 0.010937 0.033333
0 0.280859 0.372917 0.013281 0.034722
0 0.394531 0.372917 0.010937 0.034722
0 0.571094 0.373611 0.010937 0.030556
0 0.330469 0.811111 0.059375 0.122222
0 0.450391 0.882639 0.069531 0.151389
0 0.612109 0.932639 0.061719 0.134722
