1 0.167969 0.655556 0.039063 0.088889
1 0.081250 0.566667 0.031250 0.072222
1 0.387500 0.795833 0.062500 0.130556
1 0.337109 0.532639 0.030469 0.070833
1 0.680859 0.722917 0.052344 0.112500
1 0.682031 0.503472 0.028125 0.073611
0 0.521484 0.484722 0.027344 0.063889
0 0.054688 0.523611 0.028125 0.066667
2 0.051562 0.622917 0.050000 0.140278
2 0.330469 0.629167 0.051562 0.141667
2 0.234375 0.286806 0.009375 0.034722
1 0.119531 0.231944 0.010937 0.033333
1 0.086719 0.233333 0.007813 0.027778
1 0.060938 0.236111 0.012500 0.027778
1 0.131641 0.233333 0.007031 0.025000
1 0.135156 0.224306 0.007813 0.029167
