0 0.212109 0.706944 0.041406 0.094444
0 0.739453 0.797917 0.057031 0.129167
0 0.826563 0.729167 0.048437 0.108333
0 0.900000 0.683333 0.042188 0.091667
0 0.956641 0.637500 0.038281 0.086111
1 0.637109 0.543056 0.028906 0.066667
1 0.696094 0.511111 0.023438 0.063889
1 0.729688 0.500000 0.025000 0.058333
1 0.810938 0.483333 0.021875 0.055556
1 0.928906 0.486806 0.021875 0.054167
1 0.936328 0.413194 0.013281 0.040278
1 0.913281 0.404167 0.012500 0.038889
1 0.626953 0.429167 0.013281 0.044444
1 0.619531 0.415972 0.015625 0.043056
1 0.041016 0.432639 0.017969 0.037500
