0 0.169531 0.227083 0.032812 0.079167
0 0.190625 0.206944 0.023438 0.075000
0 0.263672 0.251389 0.033594 0.080556
0 0.361328 0.198611 0.030469 0.072222
0 0.603906 0.202083 0.028125 0.068056
0 0.660937 0.114583 0.023438 0.056944
0 0.844531 0.354167 0.040625 0.091667
0 0.921875 0.386806 0.042188 0.101389
0 0.926172 0.870833 0.088281 0.202778
0 0.861328 0.207639 0.024219 0.068056
0 0.847656 0.141667 0.021875 0.058333
0 0.842188 0.088889 0.017188 0.052778
0 0.814062 0.106250 0.021875 0.051389
0 0.896094 0.078472 0.018750 0.051389
0 0.949219 0.159028 0.023438 0.056944
0 0.951172 0.031944 0.017969 0.044444
0 0.921875 0.022222 0.015625 0.036111
1 0.095312 0.545139 0.067188 0.148611
1 0.238672 0.482639 0.052344 0.123611
1 0.306250 0.430556 0.045313 0.116667
1 0.229687 0.373611 0.043750 0.102778
1 0.167969 0.322917 0.042188 0.098611
1 0.029687 0.268750 0.040625 0.090278
1 0.215234 0.159722 0.025781 0.066667
1 0.262500 0.084028 0.021875 0.054167
1 0.317187 0.104861 0.025000 0.056944
1 0.637109 0.162500 0.022656 0.063889
1 0.739062 0.049306 0.017188 0.045833
1 0.722266 0.022917 0.014844 0.043056
1 0.874609 0.039583 0.016406 0.043056
1 0.932813 0.055556 0.014062 0.050000
1 0.974219 0.050694 0.015625 0.048611
1 0.992188 0.056944 0.014062 0.047222
