1 0.253516 0.647222 0.024219 0.069444
1 0.512500 0.597222 0.017188 0.052778
1 0.643750 0.551389 0.014062 0.044444
1 0.719531 0.520139 0.010937 0.040278
1 0.776172 0.498611 0.008594 0.033333
1 0.811328 0.486111 0.008594 0.027778
0 0.063672 0.854861 0.032031 0.109722
0 0.321094 0.805556 0.029687 0.097222
0 0.594141 0.720139 0.025781 0.081944
0 0.744922 0.631250 0.019531 0.056944
0 0.839453 0.575694 0.014844 0.048611
0 0.903906 0.539583 0.012500 0.040278
0 0.939453 0.507639 0.010156 0.031944
0 0.955859 0.494444 0.008594 0.027778
0 0.834375 0.479861 0.007813 0.031944
0 0.856641 0.465972 0.007031 0.026389
2 0.870313 0.450000 0.010937 0.038889
2 0.993750 0.459722 0.009375 0.038889
0 0.969922 0.483333 0.008594 0.027778
0 0.984375 0.472222 0.006250 0.025000
1 0.144531 0.440972 0.007813 0.023611
1 0.049219 0.446528 0.009375 0.026389
1 0.264062 0.443056 0.006250 0.025000
1 0.397656 0.438194 0.007813 0.023611
1 0.505469 0.431250 0.006250 0.020833
0 0.458203 0.419444 0.005469 0.019444
0 0.386328 0.427083 0.007031 0.020833
0 0.298828 0.429167 0.007031 0.022222
0 0.204688 0.432639 0.006250 0.026389
0 0.090625 0.432639 0.006250 0.023611
