0 0.884766 0.513889 0.028906 0.075000
0 0.983203 0.428472 0.019531 0.059722
0 0.181250 0.602083 0.039063 0.093056
0 0.187109 0.375694 0.014844 0.043056
0 0.310547 0.356250 0.011719 0.037500
0 0.426562 0.338889 0.009375 0.038889
0 0.531250 0.328472 0.009375 0.037500
0 0.637500 0.320139 0.007813 0.034722
0 0.775781 0.310417 0.009375 0.029167
0 0.863281 0.301389 0.009375 0.027778
0 0.942578 0.290972 0.008594 0.023611
0 0.949609 0.284722 0.007031 0.025000
0 0.896094 0.281944 0.009375 0.025000
0 0.835938 0.279861 0.007813 0.020833
0 0.725781 0.273611 0.007813 0.025000
0 0.718359 0.271528 0.007031 0.020833
1 0.301562 0.331944 0.010937 0.033333
1 0.188672 0.344444 0.011719 0.030556
1 0.049219 0.900000 0.070313 0.161111
1 0.397656 0.319444 0.010937 0.033333
1 0.501562 0.312500 0.009375 0.030556
1 0.623047 0.302083 0.008594 0.029167
1 0.635938 0.282639 0.007813 0.020833
1 0.685156 0.284722 0.007813 0.022222
1 0.761719 0.292361 0.006250 0.023611
1 0.743750 0.288194 0.007813 0.023611
1 0.590625 0.277778 0.007813 0.019444
1 0.601563 0.279861 0.007813 0.020833
