0 0.077344 0.539583 0.042188 0.140278
0 0.021875 0.070139 0.012500 0.051389
0 0.283203 0.082639 0.013281 0.045833
0 0.393750 0.084722 0.010937 0.044444
0 0.419141 0.256944 0.019531 0.072222
0 0.461719 0.208333 0.014062 0.058333
0 0.507422 0.174306 0.014844 0.051389
0 0.568359 0.159028 0.013281 0.048611
0 0.665625 0.150000 0.014062 0.044444
0 0.770312 0.150000 0.010937 0.038889
0 0.908594 0.147917 0.009375 0.037500
0 0.923828 0.129167 0.010156 0.038889
0 0.907812 0.109028 0.007813 0.031944
0 0.852734 0.093750 0.007031 0.029167
0 0.751172 0.072222 0.007031 0.027778
0 0.655859 0.056944 0.007031 0.027778
0 0.634375 0.061111 0.007813 0.030556
0 0.624609 0.068056 0.008594 0.033333
0 0.590625 0.072917 0.010937 0.034722
0 0.544922 0.077778 0.010156 0.033333
0 0.470703 0.087500 0.010156 0.033333
1 0.141016 0.040278 0.011719 0.038889
1 0.006641 0.027083 0.011719 0.045833
1 0.262109 0.049306 0.010156 0.037500
1 0.344922 0.047917 0.007031 0.034722
1 0.443750 0.045833 0.007813 0.030556
1 0.485156 0.045139 0.007813 0.029167
1 0.499609 0.037500 0.008594 0.030556
1 0.520703 0.033333 0.008594 0.027778
1 0.584766 0.035417 0.010156 0.029167
1 0.759766 0.238889 0.014844 0.058333
1 0.776172 0.202778 0.014844 0.055556
1 0.775391 0.284028 0.016406 0.068056
1 0.753516 0.348611 0.022656 0.083333
1 0.810938 0.450000 0.032812 0.100000
1 0.838672 0.618750 0.041406 0.137500
1 0.918750 0.190972 0.010937 0.043056
1 0.853125 0.190278 0.014062 0.047222
1 0.921484 0.095139 0.008594 0.029167
1 0.791797 0.068056 0.008594 0.025000
1 0.683984 0.052778 0.007031 0.025000
