0 0.553516 0.774306 0.071094 0.145833
0 0.564453 0.540278 0.011719 0.036111
0 0.596484 0.545833 0.010156 0.033333
0 0.621094 0.551389 0.012500 0.038889
0 0.688672 0.524306 0.008594 0.029167
0 0.707422 0.513194 0.008594 0.026389
0 0.753516 0.519444 0.008594 0.027778
1 0.842969 0.575694 0.018750 0.051389
1 0.855078 0.534028 0.013281 0.034722
1 0.885547 0.510417 0.010156 0.029167
1 0.907812 0.525694 0.007813 0.029167
1 0.959375 0.540278 0.014062 0.041667
1 0.937500 0.666667 0.043750 0.094444
1 0.959375 0.500694 0.007813 0.023611
1 0.980469 0.518056 0.009375 0.027778
1 0.745313 0.506250 0.007813 0.026389
1 0.728906 0.499306 0.009375 0.020833
1 0.620313 0.498611 0.007813 0.025000
1 0.458203 0.499306 0.008594 0.020833
1 0.412500 0.501389 0.009375 0.022222
1 0.374219 0.497917 0.007813 0.020833
1 0.310156 0.498611 0.007813 0.022222
1 0.396875 0.679167 0.046875 0.102778
1 0.168359 0.600694 0.028906 0.056944
1 0.101563 0.500000 0.009375 0.019444
0 0.186719 0.586111 0.020312 0.052778
0 0.017969 0.496528 0.006250 0.020833
0 0.154687 0.494444 0.006250 0.019444
0 0.281250 0.493056 0.006250 0.019444
0 0.594531 0.535417 0.009375 0.034722
0 0.629297 0.560417 0.016406 0.043056
0 0.805859 0.502083 0.008594 0.029167
0 0.906641 0.495833 0.008594 0.025000
0 0.635547 0.495139 0.007031 0.023611
0 0.623828 0.511111 0.008594 0.030556
0 0.554688 0.497917 0.007813 0.023611
0 0.509375 0.508333 0.007813 0.022222
1 0.514844 0.497917 0.009375 0.023611
1 0.548047 0.499306 0.007031 0.020833
1 0.627344 0.579861 0.023438 0.059722
0 0.428125 0.490278 0.009375 0.022222
