1 0.773438 0.585417 0.032812 0.090278
1 0.850781 0.556944 0.025000 0.086111
1 0.257422 0.313889 0.013281 0.038889
1 0.307813 0.270833 0.009375 0.036111
1 0.137109 0.348611 0.013281 0.041667
1 0.030859 0.299306 0.010156 0.037500
1 0.053906 0.260417 0.010937 0.037500
0 0.068750 0.329861 0.012500 0.040278
0 0.088281 0.318750 0.010937 0.037500
0 0.163672 0.553472 0.028906 0.081944
0 0.206641 0.593750 0.032031 0.087500
0 0.353516 0.528472 0.027344 0.079167
0 0.446875 0.631250 0.034375 0.095833
0 0.610937 0.678472 0.035937 0.104167
0 0.650781 0.740278 0.043750 0.119444
0 0.533203 0.786111 0.044531 0.127778
0 0.171875 0.830556 0.050000 0.136111
0 0.900000 0.496528 0.023438 0.070833
0 0.278906 0.330556 0.014062 0.041667
0 0.198047 0.322222 0.013281 0.041667
2 0.233984 0.303472 0.014844 0.062500
2 0.241406 0.301389 0.014062 0.058333
2 0.059375 0.304167 0.012500 0.063889
2 0.048437 0.303472 0.014062 0.065278
