1 0.087500 0.747222 0.054688 0.105556
1 0.026172 0.619444 0.039844 0.080556
1 0.158203 0.439583 0.025781 0.056944
1 0.128906 0.405556 0.026563 0.050000
1 0.554297 0.345833 0.021094 0.050000
1 0.658594 0.365278 0.023438 0.050000
1 0.729297 0.318750 0.017969 0.043056
1 0.699219 0.731250 0.056250 0.112500
1 0.951953 0.619444 0.050781 0.100000
1 0.969531 0.541667 0.034375 0.080556
1 0.886719 0.404167 0.028125 0.069444
1 0.903906 0.288194 0.020312 0.043056
1 0.852734 0.335417 0.021094 0.051389
