1 0.376563 0.788889 0.029687 0.102778
1 0.239844 0.723611 0.021875 0.072222
1 0.643359 0.802083 0.025781 0.101389
0 0.974609 0.832639 0.027344 0.115278
0 0.510547 0.824306 0.028906 0.109722
0 0.582031 0.727778 0.015625 0.066667
0 0.269922 0.716667 0.016406 0.066667
2 0.185547 0.697917 0.016406 0.062500
2 0.226563 0.653472 0.012500 0.051389
2 0.313281 0.680556 0.010937 0.044444
2 0.326562 0.652083 0.012500 0.051389
2 0.372266 0.658333 0.011719 0.050000
2 0.418750 0.665278 0.012500 0.050000
2 0.426562 0.675000 0.012500 0.050000
2 0.468359 0.668056 0.011719 0.055556
2 0.511719 0.671528 0.012500 0.054167
2 0.067188 0.708333 0.018750 0.061111
2 0.109375 0.663889 0.015625 0.052778
1 0.629687 0.540278 0.007813 0.022222
1 0.517578 0.523611 0.007031 0.022222
2 0.449219 0.518750 0.007813 0.029167
2 0.402734 0.517361 0.008594 0.034722
1 0.414844 0.511806 0.006250 0.023611
1 0.320313 0.499306 0.006250 0.020833
1 0.260938 0.490278 0.006250 0.022222
1 0.221484 0.490278 0.007031 0.022222
1 0.196875 0.489583 0.006250 0.020833
1 0.150000 0.486111 0.006250 0.022222
1 0.109375 0.484722 0.006250 0.022222
1 0.055078 0.481250 0.007031 0.020833
1 0.023438 0.479167 0.007813 0.022222
