1 0.967188 0.634028 0.020312 0.056944
1 0.903125 0.547917 0.014062 0.037500
1 0.874219 0.522917 0.012500 0.037500
1 0.852344 0.532639 0.012500 0.037500
1 0.839844 0.518056 0.012500 0.030556
1 0.792188 0.525694 0.010937 0.037500
1 0.728906 0.534722 0.014062 0.038889
1 0.654297 0.513889 0.011719 0.033333
1 0.557031 0.520139 0.014062 0.040278
1 0.103516 0.850000 0.035156 0.100000
0 0.794922 0.870833 0.035156 0.097222
0 0.875391 0.835417 0.028906 0.095833
0 0.846875 0.919444 0.042188 0.105556
0 0.913281 0.954167 0.034375 0.091667
