1 0.285547 0.131944 0.022656 0.055556
1 0.521875 0.100000 0.021875 0.055556
1 0.719922 0.095833 0.019531 0.052778
1 0.833984 0.109722 0.017969 0.055556
1 0.934766 0.584028 0.027344 0.068056
1 0.406641 0.433333 0.024219 0.066667
1 0.636719 0.494444 0.023438 0.066667
1 0.129688 0.368056 0.023438 0.061111
1 0.086328 0.318750 0.022656 0.062500
1 0.150781 0.260417 0.023438 0.059722
1 0.180078 0.198611 0.022656 0.058333
0 0.165625 0.088194 0.021875 0.056944
0 0.451172 0.047917 0.019531 0.054167
0 0.703125 0.036111 0.020312 0.055556
0 0.941406 0.037500 0.021875 0.055556
0 0.884375 0.722917 0.026563 0.073611
0 0.530859 0.625000 0.027344 0.072222
0 0.243750 0.538194 0.025000 0.068056
0 0.028516 0.477083 0.024219 0.065278
