0 0.089062 0.089583 0.012500 0.040278
0 0.396094 0.078472 0.012500 0.040278
0 0.672656 0.088889 0.014062 0.038889
0 0.955469 0.114583 0.012500 0.045833
0 0.940234 0.420139 0.016406 0.051389
0 0.713672 0.543750 0.019531 0.056944
0 0.433984 0.685417 0.021094 0.062500
0 0.101172 0.848611 0.022656 0.063889
1 0.151562 0.653472 0.020312 0.059722
1 0.421484 0.519444 0.017969 0.055556
1 0.369141 0.130556 0.014844 0.038889
1 0.139453 0.141667 0.011719 0.041667
1 0.527734 0.137500 0.013281 0.041667
1 0.775000 0.149306 0.014062 0.040278
1 0.883984 0.198611 0.014844 0.044444
1 0.842188 0.265278 0.018750 0.050000
1 0.767969 0.328472 0.015625 0.045833
2 0.805859 0.287500 0.016406 0.075000
