0 0.452344 0.731944 0.028125 0.072222
0 0.523047 0.633333 0.017969 0.052778
0 0.636719 0.611806 0.014062 0.043056
0 0.661328 0.590972 0.013281 0.040278
0 0.712500 0.570833 0.010937 0.041667
0 0.721875 0.547222 0.009375 0.030556
0 0.753906 0.535417 0.009375 0.029167
0 0.864453 0.532639 0.010156 0.029167
0 0.275000 0.662500 0.021875 0.055556
0 0.397266 0.650000 0.019531 0.050000
0 0.130078 0.672222 0.021094 0.055556
1 0.754687 0.808333 0.031250 0.094444
1 0.742188 0.523611 0.010937 0.030556
1 0.921484 0.518750 0.010156 0.026389
1 0.463281 0.545139 0.010937 0.034722
1 0.427734 0.558333 0.010156 0.033333
1 0.413281 0.574306 0.012500 0.034722
1 0.404297 0.589583 0.013281 0.040278
1 0.341016 0.606250 0.017969 0.043056
1 0.252344 0.619444 0.017188 0.047222
1 0.157813 0.627083 0.018750 0.045833
1 0.019922 0.636111 0.017969 0.047222
1 0.109766 0.882639 0.044531 0.106944
2 0.793359 0.684028 0.027344 0.109722
2 0.818359 0.682639 0.030469 0.106944
