0 0.331250 0.170833 0.015625 0.044444
0 0.130859 0.111111 0.013281 0.041667
0 0.614453 0.254861 0.014844 0.048611
0 0.929688 0.347222 0.017188 0.050000
0 0.792188 0.857639 0.020312 0.062500
0 0.789844 0.934722 0.021875 0.069444
0 0.685547 0.796528 0.017969 0.059722
0 0.489844 0.737500 0.020312 0.063889
0 0.092969 0.609028 0.020312 0.059722
1 0.058594 0.479167 0.020312 0.058333
1 0.101563 0.185417 0.015625 0.048611
1 0.375000 0.265278 0.015625 0.047222
1 0.687500 0.368056 0.017188 0.055556
1 0.383984 0.585417 0.016406 0.054167
