1 0.171094 0.840972 0.035937 0.093056
1 0.093359 0.624306 0.016406 0.045833
1 0.212891 0.618056 0.014844 0.041667
1 0.294922 0.608333 0.011719 0.036111
1 0.371094 0.599306 0.010937 0.040278
1 0.427734 0.583333 0.010156 0.033333
1 0.435547 0.568750 0.008594 0.031944
1 0.447656 0.556250 0.007813 0.026389
1 0.478906 0.544444 0.007813 0.027778
1 0.733984 0.771528 0.025781 0.081944
1 0.724219 0.523611 0.006250 0.027778
1 0.880078 0.522222 0.005469 0.025000
0 0.025781 0.665972 0.017188 0.045833
0 0.188281 0.655556 0.017188 0.047222
0 0.315625 0.645139 0.015625 0.048611
0 0.421094 0.635417 0.015625 0.051389
0 0.470703 0.711806 0.024219 0.062500
0 0.530469 0.620833 0.015625 0.041667
0 0.630469 0.601389 0.015625 0.041667
0 0.652734 0.587500 0.013281 0.036111
0 0.696484 0.565972 0.011719 0.034722
0 0.703516 0.546528 0.007031 0.026389
0 0.733203 0.540278 0.007031 0.025000
0 0.830078 0.533333 0.007031 0.025000
0 0.948438 0.532639 0.007813 0.023611
2 0.766797 0.664583 0.027344 0.090278
2 0.790234 0.664583 0.027344 0.095833
