1 0.296875 0.940972 0.018750 0.040278
1 0.355469 0.826389 0.017188 0.036111
1 0.392969 0.753472 0.014062 0.031944
1 0.441406 0.663194 0.010937 0.029167
1 0.467187 0.569444 0.009375 0.025000
0 0.590234 0.559722 0.010156 0.027778
0 0.587500 0.662500 0.009375 0.027778
0 0.562891 0.755556 0.011719 0.033333
0 0.522266 0.873611 0.013281 0.036111
2 0.471094 0.281250 0.007813 0.026389
2 0.539844 0.275694 0.007813 0.026389
0 0.546094 0.300000 0.006250 0.019444
0 0.548828 0.326389 0.007031 0.025000
0 0.555859 0.365972 0.007031 0.020833
0 0.564453 0.413194 0.007031 0.026389
0 0.578125 0.479861 0.007813 0.020833
1 0.467969 0.484722 0.007813 0.022222
1 0.469531 0.423611 0.007813 0.022222
1 0.471484 0.372917 0.007031 0.018056
1 0.468359 0.330556 0.005469 0.016667
1 0.466406 0.305556 0.004688 0.013889
