1 0.067188 0.184722 0.012500 0.030556
1 0.078906 0.339583 0.014062 0.040278
1 0.282813 0.188889 0.012500 0.036111
1 0.385547 0.407639 0.014844 0.043056
1 0.537109 0.472222 0.014844 0.041667
1 0.515234 0.191667 0.011719 0.033333
1 0.811719 0.186806 0.012500 0.034722
1 0.861719 0.686806 0.018750 0.054167
1 0.763672 0.623611 0.017969 0.050000
1 0.993359 0.747222 0.011719 0.050000
0 0.052344 0.420139 0.014062 0.040278
0 0.160547 0.455556 0.014844 0.041667
0 0.195703 0.443750 0.014844 0.045833
0 0.333984 0.142361 0.011719 0.031944
0 0.125391 0.136111 0.010156 0.030556
0 0.550391 0.143750 0.013281 0.031944
0 0.357812 0.578472 0.017188 0.045833
0 0.484766 0.670833 0.016406 0.050000
0 0.587109 0.752083 0.016406 0.051389
0 0.786328 0.837500 0.019531 0.058333
0 0.849219 0.144444 0.010937 0.033333
