0 0.178125 0.354167 0.018750 0.052778
0 0.396875 0.307639 0.021875 0.056944
0 0.682813 0.270833 0.020312 0.055556
0 0.935156 0.268056 0.020312 0.055556
0 0.760938 0.848611 0.026563 0.072222
0 0.473047 0.759028 0.024219 0.065278
0 0.258594 0.689583 0.023438 0.062500
0 0.078125 0.413194 0.021875 0.054167
0 0.015234 0.487500 0.019531 0.061111
1 0.316797 0.531250 0.022656 0.062500
1 0.360156 0.580556 0.023438 0.063889
1 0.381250 0.476389 0.021875 0.058333
1 0.411719 0.415278 0.020312 0.055556
1 0.516406 0.353472 0.021875 0.054167
1 0.754687 0.325694 0.020312 0.051389
1 0.950000 0.327083 0.023438 0.054167
1 0.867578 0.725694 0.025781 0.070833
