1 0.408594 0.388194 0.026563 0.073611
1 0.477734 0.293750 0.022656 0.059722
1 0.784375 0.340972 0.025000 0.065278
1 0.846875 0.303472 0.020312 0.045833
1 0.799219 0.274306 0.015625 0.051389
1 0.794531 0.225000 0.015625 0.044444
1 0.756641 0.255556 0.016406 0.050000
1 0.808594 0.188889 0.012500 0.038889
1 0.915625 0.211111 0.010937 0.038889
1 0.940625 0.179167 0.010937 0.033333
1 0.935547 0.154861 0.007031 0.029167
1 0.919141 0.143750 0.007031 0.026389
1 0.855469 0.150694 0.006250 0.023611
1 0.779688 0.141667 0.006250 0.022222
1 0.700000 0.198611 0.010937 0.038889
1 0.573828 0.210417 0.013281 0.040278
1 0.605078 0.143056 0.007031 0.027778
1 0.510938 0.140972 0.007813 0.029167
1 0.382031 0.308333 0.023438 0.058333
1 0.373828 0.258333 0.016406 0.050000
1 0.387891 0.229861 0.016406 0.043056
1 0.126953 0.332639 0.024219 0.065278
1 0.022656 0.163194 0.014062 0.034722
1 0.133984 0.131944 0.008594 0.033333
1 0.184375 0.152778 0.012500 0.038889
1 0.238672 0.128472 0.011719 0.031944
1 0.323438 0.148611 0.012500 0.036111
1 0.354688 0.127083 0.009375 0.029167
1 0.407031 0.146528 0.010937 0.034722
