1 0.164063 0.673611 0.035937 0.086111
1 0.114063 0.469444 0.015625 0.038889
1 0.260938 0.452083 0.015625 0.043056
1 0.403906 0.543750 0.025000 0.068056
1 0.524219 0.427083 0.015625 0.040278
1 0.707812 0.465278 0.023438 0.055556
1 0.820703 0.443750 0.019531 0.054167
1 0.814453 0.393750 0.014844 0.043056
0 0.366797 0.759722 0.042969 0.113889
0 0.755859 0.640278 0.035156 0.094444
0 0.911328 0.549306 0.025781 0.081944
0 0.942187 0.477083 0.023438 0.065278
0 0.881250 0.500694 0.023438 0.065278
0 0.879297 0.363889 0.013281 0.038889
0 0.349219 0.426389 0.014062 0.036111
0 0.118359 0.447222 0.013281 0.030556
