0 0.179688 0.663194 0.021875 0.054167
0 0.454688 0.643750 0.018750 0.051389
0 0.680078 0.617361 0.017969 0.051389
0 0.808203 0.593056 0.016406 0.047222
0 0.890625 0.587500 0.015625 0.044444
0 0.963281 0.587500 0.014062 0.041667
0 0.903906 0.513194 0.009375 0.026389
0 0.766016 0.512500 0.008594 0.025000
0 0.659375 0.511806 0.007813 0.023611
0 0.444922 0.519444 0.007031 0.025000
0 0.355469 0.522222 0.007813 0.022222
0 0.269922 0.520833 0.008594 0.022222
0 0.246875 0.519444 0.006250 0.019444
1 0.041797 0.629861 0.014844 0.045833
1 0.289063 0.624306 0.018750 0.048611
1 0.652734 0.578472 0.013281 0.043056
1 0.777734 0.570833 0.013281 0.041667
1 0.869922 0.562500 0.013281 0.036111
1 0.965625 0.559028 0.014062 0.040278
1 0.954687 0.526389 0.010937 0.033333
1 0.801562 0.527083 0.010937 0.029167
1 0.719141 0.523611 0.008594 0.025000
1 0.629687 0.523611 0.007813 0.027778
1 0.514844 0.522917 0.006250 0.023611
1 0.408594 0.525000 0.007813 0.022222
1 0.275781 0.527778 0.007813 0.027778
1 0.185937 0.531250 0.007813 0.020833
1 0.144531 0.531250 0.007813 0.023611
1 0.128125 0.527083 0.006250 0.020833
