1 0.452734 0.454861 0.016406 0.040278
1 0.509375 0.434722 0.010937 0.038889
1 0.826563 0.821528 0.045313 0.126389
1 0.911719 0.687500 0.032812 0.094444
1 0.981250 0.422222 0.010937 0.036111
1 0.983594 0.402778 0.009375 0.033333
1 0.900391 0.394444 0.010156 0.030556
1 0.850391 0.384028 0.010156 0.029167
1 0.788672 0.387500 0.010156 0.027778
1 0.758984 0.456250 0.011719 0.045833
1 0.700000 0.436806 0.010937 0.043056
1 0.348437 0.427083 0.012500 0.040278
1 0.066016 0.420833 0.011719 0.038889
1 0.085547 0.386806 0.010156 0.031944
1 0.402344 0.391667 0.007813 0.027778
1 0.418359 0.376389 0.008594 0.027778
1 0.525391 0.384028 0.007031 0.023611
1 0.533984 0.388889 0.008594 0.025000
1 0.376563 0.363889 0.006250 0.025000
1 0.303516 0.394444 0.011719 0.030556
1 0.278516 0.379167 0.010156 0.027778
1 0.227734 0.399306 0.010156 0.034722
1 0.224609 0.441667 0.014844 0.044444
1 0.026172 0.401389 0.013281 0.036111
0 0.782031 0.353472 0.006250 0.023611
0 0.831250 0.347222 0.007813 0.025000
0 0.856250 0.345833 0.007813 0.022222
0 0.760547 0.324306 0.000781 0.001389
2 0.229297 0.715278 0.057031 0.169444
2 0.430859 0.626389 0.032031 0.127778
