0 0.366797 0.075000 0.019531 0.052778
0 0.080469 0.113194 0.018750 0.051389
0 0.160156 0.564583 0.023438 0.065278
0 0.446094 0.654167 0.026563 0.069444
0 0.800781 0.752083 0.025000 0.073611
0 0.970312 0.799306 0.028125 0.079167
0 0.926172 0.918750 0.028906 0.081944
0 0.859766 0.070833 0.019531 0.055556
0 0.621094 0.068750 0.018750 0.056944
1 0.751562 0.140972 0.020312 0.054167
1 0.851953 0.613194 0.025781 0.070833
1 0.964453 0.194444 0.019531 0.052778
1 0.637891 0.127083 0.019531 0.054167
1 0.440234 0.129861 0.019531 0.054167
1 0.554297 0.523611 0.025781 0.066667
1 0.322656 0.460417 0.023438 0.059722
1 0.199219 0.159722 0.018750 0.052778
1 0.095703 0.224306 0.021094 0.054167
1 0.066797 0.284028 0.021094 0.056944
1 0.045703 0.390278 0.024219 0.061111
1 0.007031 0.340278 0.014062 0.061111
