0 0.346094 0.481250 0.017188 0.048611
0 0.864453 0.622917 0.019531 0.056944
0 0.913281 0.700000 0.020312 0.058333
0 0.862891 0.803472 0.022656 0.062500
0 0.650781 0.915972 0.021875 0.065278
1 0.553906 0.657639 0.018750 0.051389
1 0.326953 0.596528 0.017969 0.054167
1 0.172656 0.565278 0.018750 0.052778
1 0.300391 0.868750 0.022656 0.062500
1 0.016016 0.968750 0.024219 0.059722
2 0.163281 0.902083 0.026563 0.095833
2 0.186719 0.892361 0.026563 0.098611
2 0.503125 0.960417 0.023438 0.079167
2 0.526172 0.958333 0.022656 0.083333
1 0.543359 0.756944 0.021094 0.055556
