0 0.251563 0.510417 0.021875 0.062500
0 0.026172 0.554167 0.027344 0.069444
0 0.632813 0.447222 0.012500 0.036111
0 0.701172 0.436806 0.011719 0.034722
0 0.761719 0.425000 0.012500 0.030556
2 0.805859 0.415972 0.010156 0.029167
2 0.845312 0.409028 0.009375 0.023611
2 0.879297 0.403472 0.008594 0.026389
2 0.909766 0.398611 0.007031 0.022222
2 0.936328 0.393750 0.005469 0.018056
1 0.964063 0.447917 0.012500 0.037500
1 0.919922 0.461111 0.014844 0.041667
1 0.855469 0.476389 0.015625 0.050000
1 0.789844 0.503472 0.021875 0.056944
1 0.682422 0.537500 0.021094 0.066667
1 0.532031 0.584722 0.028125 0.083333
1 0.310547 0.667361 0.038281 0.104167
