0 0.389453 0.656944 0.036719 0.094444
0 0.689453 0.581250 0.028906 0.079167
0 0.867969 0.537500 0.025000 0.063889
0 0.057031 0.736111 0.045313 0.113889
1 0.010547 0.545833 0.021094 0.066667
1 0.270312 0.509722 0.025000 0.061111
1 0.473828 0.486111 0.019531 0.066667
1 0.748047 0.443056 0.016406 0.047222
1 0.954687 0.413194 0.012500 0.034722
1 0.915234 0.396528 0.010156 0.031944
1 0.980859 0.393750 0.008594 0.031944
1 0.970312 0.388889 0.010937 0.027778
1 0.967188 0.347917 0.009375 0.029167
