1 0.319531 0.420833 0.017188 0.038889
1 0.355469 0.429861 0.014062 0.037500
1 0.400000 0.435417 0.012500 0.034722
1 0.446875 0.440278 0.012500 0.036111
1 0.760547 0.347222 0.011719 0.038889
1 0.732813 0.354167 0.010937 0.033333
1 0.710156 0.343056 0.012500 0.033333
1 0.700781 0.364583 0.012500 0.034722
1 0.664844 0.339583 0.012500 0.034722
1 0.671484 0.375694 0.011719 0.037500
1 0.642578 0.385417 0.010156 0.034722
1 0.623047 0.336111 0.011719 0.033333
1 0.616406 0.372222 0.012500 0.036111
1 0.605469 0.395833 0.012500 0.038889
1 0.569141 0.367361 0.011719 0.034722
1 0.564844 0.408333 0.012500 0.036111
1 0.526563 0.364583 0.012500 0.034722
1 0.514453 0.400694 0.013281 0.037500
1 0.521094 0.420833 0.012500 0.036111
1 0.471094 0.397917 0.012500 0.034722
1 0.486719 0.431250 0.010937 0.037500
1 0.420312 0.393056 0.012500 0.036111
1 0.488281 0.801389 0.017188 0.050000
1 0.733594 0.811111 0.015625 0.047222
1 0.232031 0.795833 0.017188 0.047222
0 0.823047 0.724306 0.016406 0.048611
0 0.232031 0.727083 0.017188 0.045833
