2 0.501172 0.639583 0.027344 0.098611
2 0.524609 0.635417 0.025781 0.101389
2 0.842578 0.720139 0.027344 0.098611
2 0.863672 0.711806 0.025781 0.098611
1 0.247656 0.284028 0.018750 0.048611
1 0.511328 0.304167 0.017969 0.050000
1 0.666406 0.340278 0.017188 0.052778
1 0.892187 0.404167 0.017188 0.052778
1 0.881250 0.505556 0.020312 0.055556
0 0.958203 0.284722 0.014844 0.047222
0 0.989453 0.666667 0.019531 0.061111
0 0.717969 0.781250 0.020312 0.062500
0 0.260156 0.904167 0.023438 0.069444
0 0.685156 0.224306 0.015625 0.048611
1 0.355078 0.706944 0.021094 0.063889
1 0.044531 0.790278 0.023438 0.063889
0 0.021094 0.201389 0.017188 0.050000
