1 0.468750 0.785417 0.028125 0.073611
1 0.527344 0.705556 0.025000 0.066667
1 0.568750 0.644444 0.020312 0.058333
1 0.609375 0.595139 0.017188 0.051389
1 0.630859 0.558333 0.014844 0.044444
0 0.759375 0.952083 0.034375 0.087500
0 0.925000 0.877778 0.031250 0.086111
0 0.970312 0.812500 0.023438 0.072222
0 0.973047 0.733333 0.021094 0.061111
0 0.955078 0.667361 0.016406 0.056944
0 0.932813 0.615278 0.014062 0.050000
0 0.916797 0.572917 0.014844 0.043056
0 0.911719 0.538194 0.012500 0.037500
0 0.905469 0.509028 0.012500 0.043056
0 0.905078 0.491667 0.011719 0.041667
0 0.896875 0.470833 0.009375 0.036111
0 0.891406 0.451389 0.009375 0.033333
0 0.887500 0.427778 0.007813 0.030556
0 0.835547 0.404861 0.007031 0.029167
0 0.504297 0.784722 0.027344 0.069444
0 0.555469 0.707639 0.023438 0.065278
0 0.595312 0.646528 0.020312 0.054167
0 0.634375 0.596528 0.017188 0.051389
0 0.651172 0.561111 0.014844 0.044444
0 0.676953 0.529861 0.011719 0.040278
0 0.692578 0.499306 0.013281 0.040278
0 0.707422 0.479861 0.011719 0.034722
0 0.719531 0.463194 0.009375 0.031944
0 0.727734 0.443750 0.010156 0.031944
0 0.731641 0.418750 0.008594 0.026389
0 0.733594 0.382639 0.007813 0.026389
1 0.657031 0.527778 0.014062 0.041667
1 0.674219 0.498611 0.010937 0.038889
1 0.689844 0.479167 0.009375 0.036111
1 0.700781 0.462500 0.009375 0.030556
1 0.712891 0.443056 0.008594 0.033333
1 0.717578 0.418750 0.008594 0.029167
1 0.687109 0.376389 0.007031 0.025000
1 0.572656 0.359722 0.007813 0.027778
1 0.520703 0.377083 0.008594 0.026389
1 0.460547 0.366667 0.008594 0.027778
1 0.430859 0.345833 0.007031 0.027778
1 0.328906 0.354167 0.007813 0.027778
1 0.298438 0.335417 0.006250 0.023611
1 0.545313 0.391667 0.007813 0.030556
1 0.536719 0.415278 0.009375 0.030556
1 0.518750 0.436806 0.010937 0.034722
1 0.496484 0.456250 0.008594 0.031944
1 0.464063 0.468056 0.012500 0.036111
1 0.431250 0.489583 0.012500 0.040278
1 0.403125 0.515278 0.015625 0.044444
1 0.357422 0.545139 0.017969 0.043056
1 0.293359 0.576389 0.017969 0.050000
1 0.217969 0.626389 0.020312 0.061111
1 0.122656 0.690972 0.025000 0.062500
1 0.012500 0.761806 0.025000 0.076389
1 0.193750 0.380556 0.009375 0.027778
0 0.200781 0.381250 0.007813 0.029167
1 0.104297 0.441667 0.010156 0.036111
