0 0.558203 0.429167 0.011719 0.036111
0 0.726172 0.434722 0.010156 0.033333
0 0.700391 0.407639 0.008594 0.026389
0 0.683594 0.388194 0.006250 0.020833
0 0.571094 0.401389 0.006250 0.022222
0 0.578906 0.384722 0.004688 0.016667
1 0.524609 0.464583 0.016406 0.048611
1 0.399609 0.428472 0.011719 0.034722
1 0.253516 0.465278 0.014844 0.038889
1 0.288672 0.538889 0.025781 0.077778
1 0.157422 0.820139 0.055469 0.159722
1 0.793750 0.483333 0.020312 0.052778
1 0.919922 0.450000 0.011719 0.038889
1 0.266406 0.416667 0.007813 0.025000
1 0.169922 0.448611 0.010156 0.033333
1 0.154297 0.426389 0.007031 0.025000
1 0.084766 0.454861 0.010156 0.029167
1 0.060156 0.440278 0.006250 0.019444
1 0.010156 0.465972 0.007813 0.023611
