1 0.736719 0.806250 0.046875 0.120833
1 0.784766 0.517361 0.019531 0.054167
1 0.892969 0.513889 0.018750 0.052778
1 0.992188 0.504167 0.010937 0.055556
1 0.253516 0.845833 0.050781 0.122222
1 0.215234 0.524306 0.021094 0.054167
0 0.023047 0.570139 0.024219 0.059722
0 0.230078 0.572917 0.022656 0.065278
0 0.390625 0.572917 0.023438 0.065278
0 0.456641 0.675000 0.030469 0.088889
0 0.546875 0.572222 0.020312 0.066667
0 0.753906 0.566667 0.023438 0.063889
0 0.920313 0.561111 0.023438 0.061111
