1 0.679297 0.539583 0.027344 0.076389
1 0.275781 0.619444 0.039063 0.108333
1 0.450781 0.434722 0.010937 0.038889
1 0.317969 0.418750 0.007813 0.023611
1 0.265625 0.476389 0.018750 0.050000
1 0.199219 0.450694 0.012500 0.034722
1 0.220703 0.418750 0.008594 0.023611
1 0.133594 0.448611 0.009375 0.030556
1 0.101172 0.433333 0.007031 0.022222
1 0.039453 0.459722 0.008594 0.025000
0 0.985156 0.507639 0.017188 0.056944
0 0.948438 0.447917 0.009375 0.034722
0 0.928125 0.422917 0.006250 0.023611
