0 0.267969 0.051389 0.020312 0.055556
0 0.506250 0.057639 0.021875 0.056944
0 0.746484 0.095139 0.021094 0.054167
0 0.944531 0.150694 0.021875 0.059722
0 0.094141 0.634722 0.027344 0.069444
0 0.015234 0.056944 0.021094 0.052778
0 0.445703 0.738889 0.028906 0.075000
0 0.614844 0.790278 0.028125 0.077778
0 0.672266 0.841667 0.028906 0.075000
0 0.569922 0.910417 0.028906 0.079167
1 0.086719 0.109722 0.020312 0.058333
1 0.283594 0.110417 0.021875 0.054167
1 0.398047 0.125000 0.017969 0.055556
1 0.612500 0.181944 0.020312 0.061111
1 0.878516 0.259028 0.021094 0.062500
1 0.845312 0.701389 0.026563 0.075000
1 0.201953 0.509028 0.024219 0.065278
1 0.496484 0.605556 0.025781 0.086111
