1 0.050781 0.536111 0.012500 0.030556
1 0.060547 0.570833 0.014844 0.038889
1 0.228516 0.543056 0.011719 0.033333
1 0.269922 0.572917 0.013281 0.034722
1 0.391406 0.548611 0.010937 0.033333
1 0.402344 0.580556 0.010937 0.041667
1 0.785547 0.567361 0.011719 0.034722
0 0.057422 0.597917 0.011719 0.040278
0 0.139844 0.595833 0.015625 0.047222
0 0.152344 0.527083 0.010937 0.029167
0 0.342969 0.534028 0.010937 0.031944
0 0.258984 0.600694 0.016406 0.045833
0 0.369141 0.607639 0.016406 0.048611
0 0.444922 0.623611 0.016406 0.052778
0 0.535156 0.634722 0.020312 0.052778
0 0.650781 0.642361 0.018750 0.054167
0 0.844141 0.643750 0.021094 0.054167
0 0.885547 0.552778 0.010156 0.033333
0 0.498047 0.536111 0.011719 0.027778
