0 0.451562 0.799306 0.031250 0.079167
0 0.388281 0.702778 0.020312 0.061111
0 0.249609 0.711111 0.021094 0.063889
0 0.080859 0.720139 0.024219 0.059722
0 0.530859 0.686111 0.019531 0.055556
0 0.664063 0.665972 0.017188 0.051389
0 0.692187 0.645139 0.014062 0.048611
0 0.751562 0.620139 0.014062 0.043056
0 0.760938 0.591667 0.010937 0.033333
0 0.798828 0.581250 0.010156 0.034722
0 0.925781 0.579167 0.010937 0.036111
1 0.114453 0.669444 0.021094 0.058333
1 0.223047 0.663194 0.019531 0.054167
1 0.324219 0.650694 0.017188 0.048611
1 0.398438 0.632639 0.012500 0.045833
1 0.408203 0.614583 0.013281 0.040278
1 0.423828 0.598611 0.011719 0.038889
1 0.464844 0.582639 0.010937 0.034722
1 0.055859 0.950694 0.039844 0.098611
1 0.798437 0.888889 0.040625 0.100000
1 0.787500 0.566667 0.010937 0.033333
2 0.842188 0.752778 0.032812 0.122222
2 0.874219 0.748611 0.031250 0.122222
1 0.992188 0.563889 0.010937 0.033333
