1 0.092578 0.643750 0.044531 0.115278
1 0.775000 0.908333 0.073437 0.183333
1 0.737109 0.564583 0.027344 0.070833
1 0.629297 0.455556 0.011719 0.036111
1 0.473828 0.476389 0.019531 0.052778
1 0.791406 0.510417 0.015625 0.043056
1 0.766406 0.459028 0.009375 0.029167
1 0.791016 0.448611 0.007031 0.022222
1 0.871484 0.505556 0.008594 0.030556
1 0.895312 0.483333 0.007813 0.027778
1 0.973047 0.523611 0.008594 0.033333
1 0.679297 0.418056 0.007031 0.022222
1 0.827344 0.450000 0.006250 0.019444
