2 0.287891 0.649306 0.016406 0.059722
2 0.295312 0.647222 0.015625 0.063889
2 0.563281 0.656250 0.018750 0.068056
0 0.589063 0.578472 0.010937 0.040278
0 0.575781 0.633333 0.012500 0.041667
0 0.535156 0.690278 0.012500 0.044444
0 0.404687 0.765278 0.014062 0.047222
0 0.208984 0.870139 0.017969 0.048611
0 0.174609 0.480556 0.011719 0.036111
0 0.418750 0.505556 0.012500 0.033333
0 0.521875 0.533333 0.010937 0.033333
1 0.357031 0.577778 0.012500 0.038889
1 0.263281 0.534028 0.010937 0.031944
1 0.321094 0.633333 0.010937 0.038889
1 0.255078 0.688889 0.011719 0.038889
1 0.166016 0.741667 0.013281 0.041667
1 0.051172 0.520833 0.013281 0.036111
