1 0.828906 0.909028 0.025000 0.065278
1 0.946875 0.578472 0.020312 0.056944
1 0.708594 0.606250 0.018750 0.048611
1 0.603906 0.670139 0.020312 0.059722
1 0.574219 0.728472 0.021875 0.062500
1 0.507813 0.785417 0.021875 0.059722
1 0.551172 0.834722 0.021094 0.063889
0 0.589063 0.559028 0.017188 0.054167
0 0.874219 0.523611 0.018750 0.052778
0 0.449609 0.941667 0.021094 0.063889
0 0.207813 0.739583 0.021875 0.059722
0 0.269531 0.668056 0.020312 0.055556
0 0.141406 0.782639 0.020312 0.056944
0 0.194141 0.863194 0.022656 0.059722
