1 0.241016 0.634028 0.032031 0.081944
1 0.017578 0.711806 0.035156 0.101389
1 0.393359 0.583333 0.025781 0.066667
1 0.498047 0.553472 0.019531 0.056944
1 0.562891 0.525000 0.016406 0.050000
1 0.624609 0.510417 0.013281 0.040278
1 0.667578 0.499306 0.013281 0.040278
1 0.703125 0.488194 0.010937 0.031944
0 0.128516 0.525000 0.016406 0.050000
0 0.245703 0.506944 0.016406 0.044444
0 0.341406 0.492361 0.014062 0.040278
2 0.553516 0.460417 0.010156 0.023611
2 0.585938 0.455556 0.007813 0.025000
2 0.614453 0.450000 0.008594 0.022222
2 0.641016 0.447222 0.007031 0.022222
2 0.726172 0.477778 0.010156 0.033333
2 0.750781 0.471528 0.009375 0.031944
2 0.767969 0.465278 0.009375 0.027778
2 0.785937 0.458333 0.007813 0.022222
2 0.800781 0.456944 0.006250 0.022222
