0 0.180078 0.742361 0.019531 0.054167
0 0.116406 0.815278 0.020312 0.055556
0 0.051562 0.858333 0.021875 0.058333
0 0.103125 0.937500 0.023438 0.063889
0 0.498828 0.633333 0.019531 0.052778
0 0.785547 0.597917 0.019531 0.054167
1 0.418750 0.859028 0.018750 0.062500
1 0.483203 0.802083 0.021094 0.056944
1 0.514453 0.743750 0.017969 0.054167
1 0.618750 0.680556 0.020312 0.055556
1 0.856641 0.653472 0.019531 0.051389
1 0.463281 0.909028 0.023438 0.059722
1 0.738281 0.975000 0.021875 0.050000
