0 0.828906 0.569444 0.009375 0.036111
0 0.793750 0.527083 0.010937 0.034722
0 0.809766 0.628472 0.011719 0.037500
0 0.642187 0.479167 0.007813 0.030556
0 0.476563 0.447917 0.009375 0.029167
0 0.301953 0.836806 0.013281 0.043056
0 0.554688 0.759028 0.010937 0.040278
0 0.698828 0.690972 0.011719 0.037500
1 0.619922 0.603472 0.010156 0.031944
1 0.616797 0.544444 0.008594 0.030556
1 0.477734 0.513889 0.008594 0.030556
1 0.383594 0.495139 0.009375 0.031944
1 0.226953 0.484722 0.010156 0.030556
1 0.079687 0.484028 0.009375 0.031944
1 0.162500 0.772917 0.012500 0.037500
1 0.334766 0.721528 0.013281 0.037500
0 0.082031 0.441667 0.010937 0.033333
2 0.620703 0.723611 0.014844 0.058333
2 0.632031 0.718750 0.015625 0.056944
