1 0.492578 0.600694 0.022656 0.070833
1 0.588281 0.479861 0.020312 0.059722
1 0.692578 0.416667 0.022656 0.058333
1 0.930469 0.390972 0.020312 0.059722
1 0.812500 0.722917 0.023438 0.065278
0 0.353906 0.417361 0.020312 0.054167
0 0.572656 0.370833 0.020312 0.055556
0 0.857813 0.336111 0.020312 0.052778
0 0.936328 0.917361 0.028906 0.070833
0 0.648828 0.821528 0.024219 0.065278
0 0.433984 0.752778 0.024219 0.063889
0 0.177344 0.671528 0.021875 0.062500
0 0.125391 0.590972 0.022656 0.056944
0 0.189844 0.550000 0.023438 0.058333
0 0.253125 0.476389 0.020312 0.055556
