2 0.744922 0.806944 0.024219 0.086111
2 0.378906 0.804861 0.023438 0.079167
2 0.387109 0.795139 0.021094 0.084722
1 0.422656 0.782639 0.017188 0.048611
1 0.471484 0.704167 0.014844 0.050000
1 0.347266 0.647917 0.016406 0.045833
1 0.335156 0.854861 0.020312 0.051389
1 0.214453 0.928472 0.021094 0.056944
1 0.063672 0.630556 0.014844 0.047222
0 0.229297 0.573611 0.013281 0.047222
0 0.782422 0.704167 0.017969 0.050000
0 0.692578 0.645139 0.017969 0.045833
0 0.763281 0.779861 0.017188 0.051389
0 0.709375 0.860417 0.020312 0.054167
0 0.533203 0.959722 0.021094 0.058333
