0 0.012500 0.279861 0.018750 0.056944
0 0.072656 0.279167 0.020312 0.058333
0 0.117969 0.277778 0.020312 0.058333
0 0.158984 0.275694 0.019531 0.059722
0 0.314844 0.588889 0.037500 0.102778
0 0.517187 0.763194 0.048437 0.120833
0 0.276953 0.173611 0.011719 0.041667
0 0.297656 0.168056 0.014062 0.041667
0 0.358203 0.173611 0.016406 0.044444
1 0.600000 0.160417 0.014062 0.040278
1 0.936328 0.209722 0.013281 0.044444
1 0.914844 0.170833 0.012500 0.041667
1 0.923437 0.151389 0.010937 0.036111
1 0.977734 0.179861 0.011719 0.040278
