1 0.372266 0.498611 0.025781 0.069444
1 0.503516 0.467361 0.019531 0.059722
1 0.244531 0.539583 0.026563 0.076389
1 0.086719 0.599306 0.032812 0.081944
1 0.081250 0.285417 0.009375 0.031944
1 0.188281 0.292361 0.010937 0.029167
1 0.293359 0.299306 0.010156 0.029167
1 0.394141 0.313194 0.011719 0.031944
1 0.465625 0.327083 0.010937 0.031944
1 0.536328 0.342361 0.014844 0.034722
1 0.612891 0.356250 0.016406 0.037500
0 0.528125 0.626389 0.034375 0.091667
0 0.667969 0.578472 0.025000 0.081944
0 0.249609 0.715278 0.038281 0.111111
0 0.601953 0.309722 0.010156 0.030556
0 0.509375 0.296528 0.007813 0.026389
2 0.580078 0.218750 0.013281 0.045833
0 0.413281 0.290972 0.010937 0.031944
0 0.285547 0.286806 0.008594 0.026389
0 0.138672 0.280556 0.010156 0.022222
1 0.716797 0.416667 0.017969 0.052778
